0.005 3.97837310727024
0.015 4.02897681213067
0.0191829513025251 4.05
0.025 4.08172415966283
0.035 4.12989642137938
0.0404711233046165 4.15
0.045 4.16747873037824
0.055 4.19407389085747
0.065 4.21149003885136
0.075 4.22222204930657
0.085 4.2256513130944
0.095 4.22247135343501
0.105 4.2157364419582
0.115 4.21017231853364
0.125 4.20946728711865
0.135 4.21288060678591
0.145 4.21585182329327
0.155 4.21442187148159
0.165 4.20719665685252
0.175 4.19660167514636
0.185 4.1866611526156
0.195 4.17841171703788
0.205 4.16899574077767
0.215 4.15458629077962
0.217428988043214 4.15
0.225 4.13750994953547
0.235 4.1210605466637
0.245 4.1089633541375
0.255 4.10131986003463
0.265 4.09505495050011
0.275 4.0858216549754
0.285 4.0693724661063
0.292387807982795 4.05
0.295 4.04372498148058
0.305 4.01246600163227
0.315 3.97642677378308
0.322552278598374 3.95
0.325 3.94248833507183
0.335 3.9140898387589
0.345 3.88580477313457
0.355 3.85809850044388
0.358221431210471 3.85
0.365 3.83509520868415
0.375 3.8144517941242
0.385 3.79286696477745
0.395 3.76897171278269
0.40221529765943 3.75
0.405 3.74370216090067
0.415 3.71834635198989
0.425 3.68682998755949
0.433908032950282 3.65
0.435 3.64546028051693
0.445 3.59530416433732
0.45231966364718 3.55
0.455 3.53237527296745
0.465 3.46654189937363
0.467784936121795 3.45
0.475 3.40874275568578
0.485 3.35969505284947
0.487413984596288 3.35
0.495 3.32101227757772
0.505 3.28578668356991
0.514867406327221 3.25
0.515 3.24954139598626
0.525 3.21120697666977
0.535 3.16511401150701
0.537929566158971 3.15
0.545 3.11254869385101
0.554856083192278 3.05
0.555 3.04898067221164
0.565 2.96401719523046
0.566362490018164 2.95
0.575 2.85203027176776
0.575159698984627 2.85
0.582104284704954 2.75
0.585 2.69924853519603
0.587710246070498 2.65
0.591986352231931 2.55
0.595 2.45414729431069
0.595142377495154 2.45
0.597675367846332 2.35
0.599355101581678 2.25
0.600152707472255 2.15
0.600102250368882 2.05
0.599672446553005 1.95
0.599450048364662 1.85
0.599419736041444 1.75
0.598715809846464 1.65
0.596171282429756 1.55
0.595 1.52611057712694
0.591589442425193 1.45
0.585333504536885 1.35
0.585 1.34509401351891
0.578624055464869 1.25
0.575 1.19833567363813
0.571304141475998 1.15
0.565 1.07786824725233
0.562453252647562 1.05
0.555 0.973663758432926
0.553046633296436 0.95
0.545317619511288 0.85
0.545 0.845830109073492
0.538669303347588 0.75
0.535 0.701260988715436
0.53078683373978 0.65
0.525 0.591056648593712
0.519481292433067 0.55
0.515 0.519099588388023
0.505 0.472225657591688
0.498957202556373 0.45
0.495 0.432650365780436
0.485 0.379029252068894
0.481143549882599 0.35
0.475 0.272992323343759
0.473515972038369 0.25
0.471949134037326 0.15
0.475 0.0660617798697196
0.475663577790743 0.0500000000000003
0.485 -0.0495569244097127
0.485049242746992 -0.0499999999999998
0.495 -0.112140105041826
0.501455266012253 -0.15
0.505 -0.167512802448232
0.515 -0.225374908046642
0.518490789081226 -0.25
0.525 -0.297190096045213
0.531342257999726 -0.35
0.535 -0.383331186434638
0.542109324287252 -0.45
0.545 -0.477448311383795
0.552727914356566 -0.55
0.555 -0.570083066635798
0.563785982800387 -0.65
0.565 -0.660731808378321
0.574655903808866 -0.75
0.575 -0.753211489206414
0.585 -0.846663725660488
0.585366487562445 -0.85
0.595 -0.948500851729975
0.595145824932264 -0.95
0.603462617282318 -1.05
0.605 -1.07173391017244
0.611022277085827 -1.15
0.615 -1.2073097689066
0.618549626646936 -1.25
0.625 -1.33241691916564
0.6266784666029 -1.35
0.635 -1.44050075544628
0.635908260433497 -1.45
0.644454936314912 -1.55
0.645 -1.55791043354735
0.65001874992855 -1.65
0.654043550282615 -1.75
0.655 -1.7819227886398
0.656789455694015 -1.85
0.658541397157018 -1.95
0.658862684022853 -2.05
0.657561736040138 -2.15
0.655249678827128 -2.25
0.655 -2.25859529055018
0.652615140323638 -2.35
0.649150860426235 -2.45
0.645 -2.52766025027142
0.643667405186953 -2.55
0.635 -2.6475108962057
0.634748244493768 -2.65
0.625 -2.74048350887378
0.624054979913824 -2.75
0.616345322073688 -2.85
0.615 -2.87362134533975
0.61092149830521 -2.95
0.605038633234915 -3.05
0.605 -3.05051954643602
0.595 -3.14619917154513
0.594400936457715 -3.15
0.585 -3.20111767803899
0.575 -3.24686202216305
0.574397570544266 -3.25
0.565 -3.30278743364816
0.557509819409239 -3.35
0.555 -3.36581704151193
0.545 -3.42555491953559
0.540460855800992 -3.45
0.535 -3.47671817658786
0.525 -3.52282409169305
0.518658154770638 -3.55
0.515 -3.56665043436084
0.505 -3.60836789531001
0.495 -3.6458409945672
0.493952384105722 -3.65
0.485 -3.68914682054729
0.475 -3.73235833660529
0.470623870020118 -3.75
0.465 -3.77132205640449
0.455 -3.8031366715858
0.445 -3.82895064512992
0.436248229512869 -3.85
0.435 -3.85345659548219
0.425 -3.88492816900643
0.415 -3.9206654463106
0.407353485742008 -3.95
0.405 -3.95973097836424
0.395 -3.99869265881512
0.385 -4.03008098513432
0.37736296918067 -4.05
0.375 -4.05688314703429
0.365 -4.08392804386405
0.355 -4.10926262130328
0.345 -4.13104017870266
0.335 -4.14900351812603
0.334453391786261 -4.15
0.325 -4.16953290370692
0.315 -4.19265067916195
0.305 -4.2162187689365
0.295 -4.23601522810867
0.288513389183474 -4.25
0.285 -4.2576211456922
0.275 -4.26103934482093
0.265 -4.27136139152782
0.255 -4.28400285520785
0.245 -4.29970901459383
0.235 -4.31763917244116
0.225 -4.33611670128976
0.216929697631745 -4.35
0.215 -4.35412540778751
0.205 -4.37213528272384
0.195 -4.38658368597129
0.185 -4.39706282611311
0.175 -4.40239694344426
0.165 -4.40204801134423
0.155 -4.39747730567104
0.145 -4.3908187545723
0.135 -4.38443958233582
0.125 -4.38071552548754
0.115 -4.38054463604248
0.105 -4.38303583400785
0.095 -4.38658379121685
0.085 -4.38997898057504
0.075 -4.39117706336466
0.065 -4.38522397804619
0.055 -4.36618854445277
0.05032831766175 -4.35
0.045 -4.33410125341577
0.035 -4.29209689383907
0.0272480680367311 -4.25
0.025 -4.2404896649377
0.015 -4.19147107761895
0.00780976220510633 -4.15
0.005 -4.13706755591198
