2.062591002050164195e-03
8.199576172383123487e-03
1.825984256861918134e-02
3.199567304397307049e-02
4.906884586553388050e-02
6.905896285582267813e-02
9.147380099114400809e-02
1.157614325660234200e-01
1.413238154850595119e-01
1.675315190441005742e-01
1.937392226031417197e-01
2.193016055221778116e-01
2.435892370970570986e-01
2.660040752323784563e-01
2.859941922226671984e-01
3.030673650442278766e-01
3.168031955195817484e-01
3.268634619158177212e-01
3.330004470861506194e-01
3.350630380882007042e-01
3.330004470861504529e-01
3.268634619158174437e-01
3.168031955195813043e-01
3.030673650442273770e-01
2.859941922226665323e-01
2.660040752323776236e-01
2.435892370970563492e-01
2.193016055221768401e-01
1.937392226031408315e-01
1.675315190440996860e-01
1.413238154850585682e-01
1.157614325660225041e-01
9.147380099114318930e-02
6.905896285582190097e-02
4.906884586553320049e-02
3.199567304397254314e-02
1.825984256861874072e-02
8.199576172382823380e-03
2.062591002050024117e-03
